{
 "metadata": {
  "name": "analysis_20bacteria_cov.ipynb"
 },
 "nbformat": 3,
 "nbformat_minor": 0,
 "worksheets": [
  {
   "cells": [
    {
     "cell_type": "heading",
     "level": 1,
     "metadata": {},
     "source": [
      "Objective: analysis 20 bacteria"
     ]
    },
    {
     "cell_type": "raw",
     "metadata": {},
     "source": [
      "Objective\n",
      "---------\n",
      "1) Perform CCA \n",
      "2) Perform Jacard\n"
     ]
    },
    {
     "cell_type": "code",
     "collapsed": false,
     "input": [
      "import pandas as pd\n",
      "import numpy as np\n",
      "import matplotlib as plt\n",
      "import copy "
     ],
     "language": "python",
     "metadata": {},
     "outputs": [],
     "prompt_number": 1
    },
    {
     "cell_type": "heading",
     "level": 2,
     "metadata": {},
     "source": [
      "0) Loading files"
     ]
    },
    {
     "cell_type": "code",
     "collapsed": false,
     "input": [
      "# Set working directory\n",
      "%cd \"D:\\univ\\2014-2015\\thesis\\KERMIT\\bacterial similarity\\data mining\n"
     ],
     "language": "python",
     "metadata": {},
     "outputs": [
      {
       "output_type": "stream",
       "stream": "stdout",
       "text": [
        "D:\\univ\\2014-2015\\thesis\\KERMIT\\bacterial similarity\\data mining\n"
       ]
      }
     ],
     "prompt_number": 2
    },
    {
     "cell_type": "code",
     "collapsed": false,
     "input": [
      "# Define data locations\n",
      "loc_rhizobium =\"data_organism_reactions/Stoichiometric Matrices/394.7.txt\"\n",
      "loc_agro =\"data_organism_reactions/Stoichiometric Matrices/176299.3.txt\"\n",
      "loc_burkho =\"data_organism_reactions/Stoichiometric Matrices/269483.3.txt\"\n",
      "loc_para =\"data_organism_reactions/Stoichiometric Matrices/318586.5.txt\"\n",
      "loc_bacillus =\"data_organism_reactions/Stoichiometric Matrices/388400.4.txt\"\n",
      "\n",
      "loc_vibrio = \"data_organism_reactions/Stoichiometric Matrices/417398.15.txt\"\n",
      "loc_glucono = \"data_organism_reactions/Stoichiometric Matrices/290633.1.txt\"\n",
      "loc_acineto = \"data_organism_reactions/Stoichiometric Matrices/575565.3.txt\"\n",
      "loc_desulfo = \"data_organism_reactions/Stoichiometric Matrices/207559.7.txt\"\n",
      "loc_caldi = \"data_organism_reactions/Stoichiometric Matrices/768670.3.txt\"\n",
      "loc_soda = \"data_organism_reactions/Stoichiometric Matrices/343509.12.txt\"\n",
      "loc_gardner = \"data_organism_reactions/Stoichiometric Matrices/682147.3.txt\"\n",
      "loc_anthracis = \"data_organism_reactions/Stoichiometric Matrices/592021.13.txt\"\n",
      "loc_rhodo1 = \"data_organism_reactions/Stoichiometric Matrices/467661.3.txt\"\n",
      "loc_deino = \"data_organism_reactions/Stoichiometric Matrices/319795.16.txt\"\n",
      "loc_cereus = \"data_organism_reactions/Stoichiometric Matrices/526977.3.txt\"\n",
      "loc_flavo = \"data_organism_reactions/Stoichiometric Matrices/313603.3.txt\"\n",
      "loc_rhodo2 = \"data_organism_reactions/Stoichiometric Matrices/367336.3.txt\"\n",
      "loc_lacto = \"data_organism_reactions/Stoichiometric Matrices/220668.9.txt\"\n",
      "loc_termite = \"data_organism_reactions/Stoichiometric Matrices/471821.5.txt\"\n",
      "\n",
      "# 417398.15\tVibrio cholerae MZO-2\t18\n",
      "# 290633.1\tGluconobacter oxydans 621H\t1\t\n",
      "# 575565.3\tAcinetobacter sp. SH024\t28\n",
      "# 207559.7\tDesulfovibrio desulfuricans subsp. desulfuricans str. G20\t18\n",
      "# 768670.3\tCalditerrivibrio nitroreducens DSM 19672\t1\n",
      "# 343509.12\tSodalis glossinidius str. 'morsitans'\t1\n",
      "# 682147.3\tGardnerella vaginalis AMD\t1\n",
      "# 592021.13\tBacillus anthracis str. A0248\t74\n",
      "# 467661.3\tRhodobacteraceae bacterium KLH11\t13\n",
      "# 319795.16\tDeinococcus geothermalis DSM 11300\t10\n",
      "# 526977.3\tBacillus cereus ATCC 4342\t74\n",
      "# 313603.3\tFlavobacteriales bacterium HTCC2170\t2\n",
      "# 367336.3\tRhodobacterales bacterium HTCC2255\t2\n",
      "# 220668.9\tLactobacillus plantarum WCFS1\t25\n",
      "# 471821.5\tuncultured Termite group 1 bacterium phylotype Rs-D17\t107\n"
     ],
     "language": "python",
     "metadata": {},
     "outputs": [],
     "prompt_number": 3
    },
    {
     "cell_type": "code",
     "collapsed": false,
     "input": [
      "df_rhizobium = pd.read_csv(loc_rhizobium, index_col=0)\n",
      "df_agro = pd.read_csv(loc_agro, index_col=0)\n",
      "df_burkho = pd.read_csv(loc_burkho, index_col=0)\n",
      "df_para = pd.read_csv(loc_para, index_col=0)\n",
      "df_bacillus = pd.read_csv(loc_bacillus, index_col=0)\n",
      "\n",
      "df_vibrio = pd.read_csv(loc_vibrio, index_col=0)\n",
      "df_glucono = pd.read_csv(loc_glucono, index_col=0)\n",
      "df_acineto = pd.read_csv(loc_acineto, index_col=0)\n",
      "df_desulfo = pd.read_csv(loc_desulfo, index_col=0)\n",
      "df_caldi = pd.read_csv(loc_caldi, index_col=0)\n",
      "df_soda = pd.read_csv(loc_soda, index_col=0)\n",
      "df_gardner = pd.read_csv(loc_gardner, index_col=0)\n",
      "df_anthracis = pd.read_csv(loc_anthracis, index_col=0)\n",
      "df_rhodo1 = pd.read_csv(loc_rhodo1, index_col=0)\n",
      "df_deino = pd.read_csv(loc_deino, index_col=0)\n",
      "df_cereus = pd.read_csv(loc_cereus, index_col=0)\n",
      "df_flavo = pd.read_csv(loc_flavo, index_col=0)\n",
      "df_rhodo2 = pd.read_csv(loc_rhodo2, index_col=0)\n",
      "df_lacto = pd.read_csv(loc_lacto, index_col=0)\n",
      "df_termite = pd.read_csv(loc_termite, index_col=0)\n"
     ],
     "language": "python",
     "metadata": {},
     "outputs": [],
     "prompt_number": 4
    },
    {
     "cell_type": "code",
     "collapsed": false,
     "input": [
      "df_rhizobium = pd.read_csv(loc_rhizobium, index_col=0)\n"
     ],
     "language": "python",
     "metadata": {},
     "outputs": [],
     "prompt_number": 5
    },
    {
     "cell_type": "code",
     "collapsed": false,
     "input": [
      "# Load database for compounds and reactions\n",
      "loc_compound_db = \"data_preprocessing/ModelSEED-compounds-db.csv\"\n",
      "loc_reaction_db = \"data_preprocessing/ModelSEED-reactions-db.csv\"\n",
      "df_compound = pd.read_csv(loc_compound_db)\n",
      "df_reaction= pd.read_csv(loc_reaction_db)"
     ],
     "language": "python",
     "metadata": {},
     "outputs": [],
     "prompt_number": 6
    },
    {
     "cell_type": "code",
     "collapsed": false,
     "input": [
      "# Define function to look up compound code in DATABASE and return a list with abbreviated compound names\n",
      "def switch_compounds(list_compounds):\n",
      "    \"\"\"\n",
      "    Look up compounds in database and return a list of comprehensible compound names\n",
      "    \"\"\"\n",
      "    return [df_compound.loc[df_compound.DATABASE == compound].ABBREVIATION.values[0] for compound in list_compounds]\n",
      "    "
     ],
     "language": "python",
     "metadata": {},
     "outputs": [],
     "prompt_number": 7
    },
    {
     "cell_type": "code",
     "collapsed": false,
     "input": [
      "# trivially define your stoichiometric matrices\n",
      "S_rhizobium  = df_rhizobium \n",
      "S_agro  = df_agro \n",
      "S_burkho  = df_burkho \n",
      "S_para = df_para\n",
      "S_bacillus = df_bacillus\n",
      "\n",
      "S_vibrio  = df_vibrio \n",
      "S_glucono = df_glucono\n",
      "S_acineto = df_acineto\n",
      "S_desulfo = df_desulfo\n",
      "S_caldi  = df_caldi \n",
      "S_soda  = df_soda \n",
      "S_gardner = df_gardner\n",
      "S_anthracis  = df_anthracis \n",
      "S_rhodo1  = df_rhodo1 \n",
      "S_deino  = df_deino \n",
      "S_cereus = df_cereus\n",
      "S_flavo  = df_flavo \n",
      "S_rhodo2  = df_rhodo2 \n",
      "S_lacto  = df_lacto \n",
      "S_termite = df_termite\n"
     ],
     "language": "python",
     "metadata": {},
     "outputs": [],
     "prompt_number": 8
    },
    {
     "cell_type": "code",
     "collapsed": false,
     "input": [
      "scope = globals().keys()\n",
      "S = [SM for SM in scope if \"S_\" in SM]\n",
      "S = [SM for SM in S if isinstance(eval(SM), pd.DataFrame)]\n",
      "S"
     ],
     "language": "python",
     "metadata": {},
     "outputs": [
      {
       "metadata": {},
       "output_type": "pyout",
       "prompt_number": 9,
       "text": [
        "['S_rhodo1',\n",
        " 'S_lacto',\n",
        " 'S_termite',\n",
        " 'S_rhodo2',\n",
        " 'S_deino',\n",
        " 'S_anthracis',\n",
        " 'S_bacillus',\n",
        " 'S_flavo',\n",
        " 'S_glucono',\n",
        " 'S_acineto',\n",
        " 'S_cereus',\n",
        " 'S_soda',\n",
        " 'S_vibrio',\n",
        " 'S_caldi',\n",
        " 'S_gardner',\n",
        " 'S_burkho',\n",
        " 'S_para',\n",
        " 'S_rhizobium',\n",
        " 'S_desulfo',\n",
        " 'S_agro']"
       ]
      }
     ],
     "prompt_number": 9
    },
    {
     "cell_type": "heading",
     "level": 2,
     "metadata": {},
     "source": [
      "1) Canonical Correlation Analysis"
     ]
    },
    {
     "cell_type": "code",
     "collapsed": false,
     "input": [
      "def create_frames(S1, S2):\n",
      "    \"\"\"\n",
      "    @param S1: accepts stoichiometric matrix 1\n",
      "    @param S2: accepts stoichiometric matrix 2\n",
      "    @return: returns two stoichiometric matrices where the rows:\n",
      "            * consist of the same compounds\n",
      "            * are sorted according to the index\n",
      "    \"\"\"\n",
      "    # Determine which compounds to add\n",
      "    cp_add_1 = S2.index[~S2.index.isin(S1.index)] # Find compounds not present in S1\n",
      "    cp_add_2 = S1.index[~S1.index.isin(S2.index)] # Find compounds not present in S2\n",
      "    \n",
      "    # Create matrix you want to append\n",
      "    append1 = np.zeros([len(cp_add_1), S1.shape[1]]) # Create matrix to append matrix1\n",
      "    append2 = np.zeros([len(cp_add_2), S2.shape[1]]) # Create matrix to append matrix2\n",
      "    \n",
      "    # Create frames to return\n",
      "    frame1 = S1.append(pd.DataFrame(append1, columns = S1.columns, index = cp_add_1))\n",
      "    frame2 = S2.append(pd.DataFrame(append2, columns = S2.columns, index = cp_add_2))\n",
      "\n",
      "    # Sort rowwise\n",
      "    frame1 = frame1.sort_index()\n",
      "    frame2 = frame2.sort_index()\n",
      "    \n",
      "    return frame1, frame2\n",
      "\n",
      "def CCA(S1, S2):\n",
      "    \"\"\"\n",
      "    @param S1: accepts stoichiometric matrix 1\n",
      "    @param S2: accepts stoichiometric matrix 2\n",
      "    @return: returns the lambda value of the canonical correlation analysis (CCA)\n",
      "    \n",
      "    CCA\n",
      "    ---\n",
      "    formula:\n",
      "    [ (S1^T * S1 + I * lambda)^-1 * (S1^T * S2) * (S2^T * S2 + I * lambda)^-1 ] * (S2^T * S1) a = lambda^2 * a \n",
      "    \n",
      "    implementation:\n",
      "    term1 = (S1^T * S1 + I * lambda)^-1 \n",
      "    term2 = (S1^T * S2)\n",
      "    term3 = (S2^T * S2 + I * lambda)^-1 \n",
      "    term4 = (S2^T * S1)\n",
      "    lambda is a measure of correlation between two stoichiometric matrices\n",
      "    \n",
      "    \"\"\"\n",
      "    # Create matrices with the same compounds\n",
      "    S1, S2 = create_frames(S1, S2)\n",
      "      \n",
      "    # Calculate CCA-measure\n",
      "    r1 = S1.shape[1]\n",
      "    r2 = S2.shape[1]\n",
      "    \n",
      "    cov = np.cov(S1, S2, rowvar = 0)\n",
      "    allr = r1 + r2\n",
      "    \n",
      "    Sxx = cov[0:r1, 0:r1]\n",
      "    Syy = cov[r1:allr, r1:allr]\n",
      "    Sxy = cov[0:r1, r1:allr]\n",
      "    Syx = cov[r1:allr, 0:r1]\n",
      "    \n",
      "    # Calculate CCA-measure\n",
      "    Sxx = np.linalg.inv(Sxx + np.eye(r1) * .001)\n",
      "    Syy = np.linalg.inv(Syy + np.eye(r2) * .001)\n",
      "    \n",
      "    # lambda_square = np.dot(term1, term2)\n",
      "    # lambda_square = np.dot(lambda_square, term3)\n",
      "    # lambda_square = np.dot(lambda_square, term4)\n",
      "    lambda_square = reduce(np.dot, [Sxx, Sxy, Syy, Syx])\n",
      "    #lambda_square = np.around(lambda_square, decimals = 3)\n",
      "    # return np.sqrt(max(real(np.linalg.eig(lambda_square)[0])))\n",
      "    return np.trace(lambda_square)\n",
      "\n",
      "\n",
      "def CCA_matrix(list_of_S):\n",
      "    \"\"\"\n",
      "    @param list_of_S: accepts a list of Stoichiometric Matrices\n",
      "    @return: returns a pd.DataFrame with all lambda values corresponding lambda values\n",
      "    \"\"\"\n",
      "    n = len(list_of_S)\n",
      "    df_CF = np.zeros([n, n])\n",
      "    for i in xrange(n):\n",
      "        for j in xrange(i + 1):\n",
      "            S1 = eval(list_of_S[i])\n",
      "            S2 = eval(list_of_S[j])\n",
      "            df_CF[i,j] = CCA(S1, S2)\n",
      "    for i in xrange(n):\n",
      "        for j in xrange(n - 1 - i):\n",
      "            df_CF[i, j + 1 + i] = df_CF[j + 1 + i, i]  \n",
      "       \n",
      "    return pd.DataFrame(df_CF, columns= list_of_S, index = list_of_S)\n"
     ],
     "language": "python",
     "metadata": {},
     "outputs": [],
     "prompt_number": 10
    },
    {
     "cell_type": "code",
     "collapsed": false,
     "input": [
      "a = CCA_matrix(S)"
     ],
     "language": "python",
     "metadata": {},
     "outputs": [],
     "prompt_number": 11
    },
    {
     "cell_type": "code",
     "collapsed": false,
     "input": [
      "a"
     ],
     "language": "python",
     "metadata": {},
     "outputs": [
      {
       "html": [
        "<div style=\"max-height:1000px;max-width:1500px;overflow:auto;\">\n",
        "<table border=\"1\" class=\"dataframe\">\n",
        "  <thead>\n",
        "    <tr style=\"text-align: right;\">\n",
        "      <th></th>\n",
        "      <th>S_rhodo1</th>\n",
        "      <th>S_lacto</th>\n",
        "      <th>S_termite</th>\n",
        "      <th>S_rhodo2</th>\n",
        "      <th>S_deino</th>\n",
        "      <th>S_anthracis</th>\n",
        "      <th>S_bacillus</th>\n",
        "      <th>S_flavo</th>\n",
        "      <th>S_glucono</th>\n",
        "      <th>S_acineto</th>\n",
        "      <th>S_cereus</th>\n",
        "      <th>S_soda</th>\n",
        "      <th>S_vibrio</th>\n",
        "      <th>S_caldi</th>\n",
        "      <th>S_gardner</th>\n",
        "      <th>S_burkho</th>\n",
        "      <th>S_para</th>\n",
        "      <th>S_rhizobium</th>\n",
        "      <th>S_desulfo</th>\n",
        "      <th>S_agro</th>\n",
        "    </tr>\n",
        "  </thead>\n",
        "  <tbody>\n",
        "    <tr>\n",
        "      <th>S_rhodo1</th>\n",
        "      <td>439.443122</td>\n",
        "      <td>324.970112</td>\n",
        "      <td>275.564982</td>\n",
        "      <td>342.120544</td>\n",
        "      <td>356.716431</td>\n",
        "      <td>352.233223</td>\n",
        "      <td>355.100492</td>\n",
        "      <td>325.635492</td>\n",
        "      <td>307.869941</td>\n",
        "      <td>374.903496</td>\n",
        "      <td>350.211038</td>\n",
        "      <td>333.026645</td>\n",
        "      <td>358.596855</td>\n",
        "      <td>325.983194</td>\n",
        "      <td>246.049678</td>\n",
        "      <td>374.309832</td>\n",
        "      <td>398.449977</td>\n",
        "      <td>388.930201</td>\n",
        "      <td>329.062338</td>\n",
        "      <td>383.765841</td>\n",
        "    </tr>\n",
        "    <tr>\n",
        "      <th>S_lacto</th>\n",
        "      <td>324.970112</td>\n",
        "      <td>417.369315</td>\n",
        "      <td>264.860089</td>\n",
        "      <td>282.516967</td>\n",
        "      <td>328.227126</td>\n",
        "      <td>330.268467</td>\n",
        "      <td>325.821284</td>\n",
        "      <td>284.752381</td>\n",
        "      <td>286.432003</td>\n",
        "      <td>318.704116</td>\n",
        "      <td>337.922438</td>\n",
        "      <td>317.126199</td>\n",
        "      <td>329.979844</td>\n",
        "      <td>293.268932</td>\n",
        "      <td>243.901737</td>\n",
        "      <td>326.066624</td>\n",
        "      <td>328.251935</td>\n",
        "      <td>328.513904</td>\n",
        "      <td>299.680060</td>\n",
        "      <td>330.887386</td>\n",
        "    </tr>\n",
        "    <tr>\n",
        "      <th>S_termite</th>\n",
        "      <td>275.564982</td>\n",
        "      <td>264.860089</td>\n",
        "      <td>345.810047</td>\n",
        "      <td>247.239274</td>\n",
        "      <td>263.212215</td>\n",
        "      <td>256.139644</td>\n",
        "      <td>263.870226</td>\n",
        "      <td>243.569111</td>\n",
        "      <td>280.915385</td>\n",
        "      <td>285.411855</td>\n",
        "      <td>256.628944</td>\n",
        "      <td>273.471976</td>\n",
        "      <td>283.864443</td>\n",
        "      <td>271.204295</td>\n",
        "      <td>187.945422</td>\n",
        "      <td>269.191345</td>\n",
        "      <td>283.054343</td>\n",
        "      <td>273.215434</td>\n",
        "      <td>278.924059</td>\n",
        "      <td>269.805215</td>\n",
        "    </tr>\n",
        "    <tr>\n",
        "      <th>S_rhodo2</th>\n",
        "      <td>342.120544</td>\n",
        "      <td>282.516967</td>\n",
        "      <td>247.239274</td>\n",
        "      <td>447.131273</td>\n",
        "      <td>311.815849</td>\n",
        "      <td>333.674980</td>\n",
        "      <td>316.763782</td>\n",
        "      <td>324.032482</td>\n",
        "      <td>286.874179</td>\n",
        "      <td>327.839791</td>\n",
        "      <td>328.628150</td>\n",
        "      <td>301.681561</td>\n",
        "      <td>314.379318</td>\n",
        "      <td>309.235911</td>\n",
        "      <td>255.046573</td>\n",
        "      <td>327.374492</td>\n",
        "      <td>347.093429</td>\n",
        "      <td>350.548381</td>\n",
        "      <td>318.185407</td>\n",
        "      <td>347.912851</td>\n",
        "    </tr>\n",
        "    <tr>\n",
        "      <th>S_deino</th>\n",
        "      <td>356.716431</td>\n",
        "      <td>328.227126</td>\n",
        "      <td>263.212215</td>\n",
        "      <td>311.815849</td>\n",
        "      <td>429.041725</td>\n",
        "      <td>335.850605</td>\n",
        "      <td>340.643945</td>\n",
        "      <td>314.306140</td>\n",
        "      <td>293.577200</td>\n",
        "      <td>354.510393</td>\n",
        "      <td>341.111585</td>\n",
        "      <td>332.104422</td>\n",
        "      <td>352.468441</td>\n",
        "      <td>319.859151</td>\n",
        "      <td>245.574751</td>\n",
        "      <td>361.503838</td>\n",
        "      <td>359.062800</td>\n",
        "      <td>359.337548</td>\n",
        "      <td>308.888910</td>\n",
        "      <td>359.858383</td>\n",
        "    </tr>\n",
        "    <tr>\n",
        "      <th>S_anthracis</th>\n",
        "      <td>352.233223</td>\n",
        "      <td>330.268467</td>\n",
        "      <td>256.139644</td>\n",
        "      <td>333.674980</td>\n",
        "      <td>335.850605</td>\n",
        "      <td>490.757352</td>\n",
        "      <td>385.474235</td>\n",
        "      <td>345.196394</td>\n",
        "      <td>288.944388</td>\n",
        "      <td>363.055292</td>\n",
        "      <td>426.444715</td>\n",
        "      <td>340.881345</td>\n",
        "      <td>355.440676</td>\n",
        "      <td>329.548699</td>\n",
        "      <td>277.268322</td>\n",
        "      <td>370.530721</td>\n",
        "      <td>374.579678</td>\n",
        "      <td>370.610027</td>\n",
        "      <td>333.234059</td>\n",
        "      <td>381.422511</td>\n",
        "    </tr>\n",
        "    <tr>\n",
        "      <th>S_bacillus</th>\n",
        "      <td>355.100492</td>\n",
        "      <td>325.821284</td>\n",
        "      <td>263.870226</td>\n",
        "      <td>316.763782</td>\n",
        "      <td>340.643945</td>\n",
        "      <td>385.474235</td>\n",
        "      <td>471.581876</td>\n",
        "      <td>323.730221</td>\n",
        "      <td>290.639505</td>\n",
        "      <td>354.861692</td>\n",
        "      <td>379.201708</td>\n",
        "      <td>340.428720</td>\n",
        "      <td>353.343308</td>\n",
        "      <td>335.253458</td>\n",
        "      <td>254.534514</td>\n",
        "      <td>366.506895</td>\n",
        "      <td>368.293452</td>\n",
        "      <td>369.491682</td>\n",
        "      <td>333.374199</td>\n",
        "      <td>378.928978</td>\n",
        "    </tr>\n",
        "    <tr>\n",
        "      <th>S_flavo</th>\n",
        "      <td>325.635492</td>\n",
        "      <td>284.752381</td>\n",
        "      <td>243.569111</td>\n",
        "      <td>324.032482</td>\n",
        "      <td>314.306140</td>\n",
        "      <td>345.196394</td>\n",
        "      <td>323.730221</td>\n",
        "      <td>482.173550</td>\n",
        "      <td>277.604145</td>\n",
        "      <td>334.579489</td>\n",
        "      <td>348.656765</td>\n",
        "      <td>320.346082</td>\n",
        "      <td>326.853013</td>\n",
        "      <td>311.451259</td>\n",
        "      <td>262.819629</td>\n",
        "      <td>337.552509</td>\n",
        "      <td>339.409906</td>\n",
        "      <td>353.325562</td>\n",
        "      <td>311.861906</td>\n",
        "      <td>346.422480</td>\n",
        "    </tr>\n",
        "    <tr>\n",
        "      <th>S_glucono</th>\n",
        "      <td>307.869941</td>\n",
        "      <td>286.432003</td>\n",
        "      <td>280.915385</td>\n",
        "      <td>286.874179</td>\n",
        "      <td>293.577200</td>\n",
        "      <td>288.944388</td>\n",
        "      <td>290.639505</td>\n",
        "      <td>277.604145</td>\n",
        "      <td>389.279464</td>\n",
        "      <td>324.057860</td>\n",
        "      <td>288.956133</td>\n",
        "      <td>314.016919</td>\n",
        "      <td>324.027000</td>\n",
        "      <td>289.687971</td>\n",
        "      <td>208.694108</td>\n",
        "      <td>309.536083</td>\n",
        "      <td>320.341549</td>\n",
        "      <td>316.226962</td>\n",
        "      <td>313.213876</td>\n",
        "      <td>320.629505</td>\n",
        "    </tr>\n",
        "    <tr>\n",
        "      <th>S_acineto</th>\n",
        "      <td>374.903496</td>\n",
        "      <td>318.704116</td>\n",
        "      <td>285.411855</td>\n",
        "      <td>327.839791</td>\n",
        "      <td>354.510393</td>\n",
        "      <td>363.055292</td>\n",
        "      <td>354.861692</td>\n",
        "      <td>334.579489</td>\n",
        "      <td>324.057860</td>\n",
        "      <td>449.821945</td>\n",
        "      <td>361.766070</td>\n",
        "      <td>348.977837</td>\n",
        "      <td>383.351039</td>\n",
        "      <td>337.536237</td>\n",
        "      <td>254.467888</td>\n",
        "      <td>387.325705</td>\n",
        "      <td>400.909589</td>\n",
        "      <td>388.115389</td>\n",
        "      <td>335.381726</td>\n",
        "      <td>381.727650</td>\n",
        "    </tr>\n",
        "    <tr>\n",
        "      <th>S_cereus</th>\n",
        "      <td>350.211038</td>\n",
        "      <td>337.922438</td>\n",
        "      <td>256.628944</td>\n",
        "      <td>328.628150</td>\n",
        "      <td>341.111585</td>\n",
        "      <td>426.444715</td>\n",
        "      <td>379.201708</td>\n",
        "      <td>348.656765</td>\n",
        "      <td>288.956133</td>\n",
        "      <td>361.766070</td>\n",
        "      <td>489.723874</td>\n",
        "      <td>350.471731</td>\n",
        "      <td>356.736924</td>\n",
        "      <td>326.091485</td>\n",
        "      <td>271.218993</td>\n",
        "      <td>376.343126</td>\n",
        "      <td>373.321582</td>\n",
        "      <td>379.789374</td>\n",
        "      <td>317.512321</td>\n",
        "      <td>389.798682</td>\n",
        "    </tr>\n",
        "    <tr>\n",
        "      <th>S_soda</th>\n",
        "      <td>333.026645</td>\n",
        "      <td>317.126199</td>\n",
        "      <td>273.471976</td>\n",
        "      <td>301.681561</td>\n",
        "      <td>332.104422</td>\n",
        "      <td>340.881345</td>\n",
        "      <td>340.428720</td>\n",
        "      <td>320.346082</td>\n",
        "      <td>314.016919</td>\n",
        "      <td>348.977837</td>\n",
        "      <td>350.471731</td>\n",
        "      <td>458.222025</td>\n",
        "      <td>354.791758</td>\n",
        "      <td>328.439998</td>\n",
        "      <td>250.284825</td>\n",
        "      <td>360.843214</td>\n",
        "      <td>350.141766</td>\n",
        "      <td>355.265774</td>\n",
        "      <td>326.748581</td>\n",
        "      <td>369.344686</td>\n",
        "    </tr>\n",
        "    <tr>\n",
        "      <th>S_vibrio</th>\n",
        "      <td>358.596855</td>\n",
        "      <td>329.979844</td>\n",
        "      <td>283.864443</td>\n",
        "      <td>314.379318</td>\n",
        "      <td>352.468441</td>\n",
        "      <td>355.440676</td>\n",
        "      <td>353.343308</td>\n",
        "      <td>326.853013</td>\n",
        "      <td>324.027000</td>\n",
        "      <td>383.351039</td>\n",
        "      <td>356.736924</td>\n",
        "      <td>354.791758</td>\n",
        "      <td>439.218239</td>\n",
        "      <td>328.654884</td>\n",
        "      <td>251.411172</td>\n",
        "      <td>369.603919</td>\n",
        "      <td>371.538447</td>\n",
        "      <td>366.808953</td>\n",
        "      <td>330.575642</td>\n",
        "      <td>365.571637</td>\n",
        "    </tr>\n",
        "    <tr>\n",
        "      <th>S_caldi</th>\n",
        "      <td>325.983194</td>\n",
        "      <td>293.268932</td>\n",
        "      <td>271.204295</td>\n",
        "      <td>309.235911</td>\n",
        "      <td>319.859151</td>\n",
        "      <td>329.548699</td>\n",
        "      <td>335.253458</td>\n",
        "      <td>311.451259</td>\n",
        "      <td>289.687971</td>\n",
        "      <td>337.536237</td>\n",
        "      <td>326.091485</td>\n",
        "      <td>328.439998</td>\n",
        "      <td>328.654884</td>\n",
        "      <td>456.318360</td>\n",
        "      <td>256.221561</td>\n",
        "      <td>338.068494</td>\n",
        "      <td>338.296354</td>\n",
        "      <td>339.097171</td>\n",
        "      <td>325.570757</td>\n",
        "      <td>343.665842</td>\n",
        "    </tr>\n",
        "    <tr>\n",
        "      <th>S_gardner</th>\n",
        "      <td>246.049678</td>\n",
        "      <td>243.901737</td>\n",
        "      <td>187.945422</td>\n",
        "      <td>255.046573</td>\n",
        "      <td>245.574751</td>\n",
        "      <td>277.268322</td>\n",
        "      <td>254.534514</td>\n",
        "      <td>262.819629</td>\n",
        "      <td>208.694108</td>\n",
        "      <td>254.467888</td>\n",
        "      <td>271.218993</td>\n",
        "      <td>250.284825</td>\n",
        "      <td>251.411172</td>\n",
        "      <td>256.221561</td>\n",
        "      <td>452.969869</td>\n",
        "      <td>267.713859</td>\n",
        "      <td>261.639548</td>\n",
        "      <td>263.038104</td>\n",
        "      <td>246.163076</td>\n",
        "      <td>266.113781</td>\n",
        "    </tr>\n",
        "    <tr>\n",
        "      <th>S_burkho</th>\n",
        "      <td>374.309832</td>\n",
        "      <td>326.066624</td>\n",
        "      <td>269.191345</td>\n",
        "      <td>327.374492</td>\n",
        "      <td>361.503838</td>\n",
        "      <td>370.530721</td>\n",
        "      <td>366.506895</td>\n",
        "      <td>337.552509</td>\n",
        "      <td>309.536083</td>\n",
        "      <td>387.325705</td>\n",
        "      <td>376.343126</td>\n",
        "      <td>360.843214</td>\n",
        "      <td>369.603919</td>\n",
        "      <td>338.068494</td>\n",
        "      <td>267.713859</td>\n",
        "      <td>472.895053</td>\n",
        "      <td>403.876232</td>\n",
        "      <td>393.547284</td>\n",
        "      <td>334.288858</td>\n",
        "      <td>404.715015</td>\n",
        "    </tr>\n",
        "    <tr>\n",
        "      <th>S_para</th>\n",
        "      <td>398.449977</td>\n",
        "      <td>328.251935</td>\n",
        "      <td>283.054343</td>\n",
        "      <td>347.093429</td>\n",
        "      <td>359.062800</td>\n",
        "      <td>374.579678</td>\n",
        "      <td>368.293452</td>\n",
        "      <td>339.409906</td>\n",
        "      <td>320.341549</td>\n",
        "      <td>400.909589</td>\n",
        "      <td>373.321582</td>\n",
        "      <td>350.141766</td>\n",
        "      <td>371.538447</td>\n",
        "      <td>338.296354</td>\n",
        "      <td>261.639548</td>\n",
        "      <td>403.876232</td>\n",
        "      <td>465.330167</td>\n",
        "      <td>411.114807</td>\n",
        "      <td>348.234686</td>\n",
        "      <td>406.628604</td>\n",
        "    </tr>\n",
        "    <tr>\n",
        "      <th>S_rhizobium</th>\n",
        "      <td>388.930201</td>\n",
        "      <td>328.513904</td>\n",
        "      <td>273.215434</td>\n",
        "      <td>350.548381</td>\n",
        "      <td>359.337548</td>\n",
        "      <td>370.610027</td>\n",
        "      <td>369.491682</td>\n",
        "      <td>353.325562</td>\n",
        "      <td>316.226962</td>\n",
        "      <td>388.115389</td>\n",
        "      <td>379.789374</td>\n",
        "      <td>355.265774</td>\n",
        "      <td>366.808953</td>\n",
        "      <td>339.097171</td>\n",
        "      <td>263.038104</td>\n",
        "      <td>393.547284</td>\n",
        "      <td>411.114807</td>\n",
        "      <td>479.549887</td>\n",
        "      <td>337.781136</td>\n",
        "      <td>418.089724</td>\n",
        "    </tr>\n",
        "    <tr>\n",
        "      <th>S_desulfo</th>\n",
        "      <td>329.062338</td>\n",
        "      <td>299.680060</td>\n",
        "      <td>278.924059</td>\n",
        "      <td>318.185407</td>\n",
        "      <td>308.888910</td>\n",
        "      <td>333.234059</td>\n",
        "      <td>333.374199</td>\n",
        "      <td>311.861906</td>\n",
        "      <td>313.213876</td>\n",
        "      <td>335.381726</td>\n",
        "      <td>317.512321</td>\n",
        "      <td>326.748581</td>\n",
        "      <td>330.575642</td>\n",
        "      <td>325.570757</td>\n",
        "      <td>246.163076</td>\n",
        "      <td>334.288858</td>\n",
        "      <td>348.234686</td>\n",
        "      <td>337.781136</td>\n",
        "      <td>445.568300</td>\n",
        "      <td>334.107545</td>\n",
        "    </tr>\n",
        "    <tr>\n",
        "      <th>S_agro</th>\n",
        "      <td>383.765841</td>\n",
        "      <td>330.887386</td>\n",
        "      <td>269.805215</td>\n",
        "      <td>347.912851</td>\n",
        "      <td>359.858383</td>\n",
        "      <td>381.422511</td>\n",
        "      <td>378.928978</td>\n",
        "      <td>346.422480</td>\n",
        "      <td>320.629505</td>\n",
        "      <td>381.727650</td>\n",
        "      <td>389.798682</td>\n",
        "      <td>369.344686</td>\n",
        "      <td>365.571637</td>\n",
        "      <td>343.665842</td>\n",
        "      <td>266.113781</td>\n",
        "      <td>404.715015</td>\n",
        "      <td>406.628604</td>\n",
        "      <td>418.089724</td>\n",
        "      <td>334.107545</td>\n",
        "      <td>477.982582</td>\n",
        "    </tr>\n",
        "  </tbody>\n",
        "</table>\n",
        "</div>"
       ],
       "metadata": {},
       "output_type": "pyout",
       "prompt_number": 12,
       "text": [
        "               S_rhodo1     S_lacto   S_termite    S_rhodo2     S_deino  \\\n",
        "S_rhodo1     439.443122  324.970112  275.564982  342.120544  356.716431   \n",
        "S_lacto      324.970112  417.369315  264.860089  282.516967  328.227126   \n",
        "S_termite    275.564982  264.860089  345.810047  247.239274  263.212215   \n",
        "S_rhodo2     342.120544  282.516967  247.239274  447.131273  311.815849   \n",
        "S_deino      356.716431  328.227126  263.212215  311.815849  429.041725   \n",
        "S_anthracis  352.233223  330.268467  256.139644  333.674980  335.850605   \n",
        "S_bacillus   355.100492  325.821284  263.870226  316.763782  340.643945   \n",
        "S_flavo      325.635492  284.752381  243.569111  324.032482  314.306140   \n",
        "S_glucono    307.869941  286.432003  280.915385  286.874179  293.577200   \n",
        "S_acineto    374.903496  318.704116  285.411855  327.839791  354.510393   \n",
        "S_cereus     350.211038  337.922438  256.628944  328.628150  341.111585   \n",
        "S_soda       333.026645  317.126199  273.471976  301.681561  332.104422   \n",
        "S_vibrio     358.596855  329.979844  283.864443  314.379318  352.468441   \n",
        "S_caldi      325.983194  293.268932  271.204295  309.235911  319.859151   \n",
        "S_gardner    246.049678  243.901737  187.945422  255.046573  245.574751   \n",
        "S_burkho     374.309832  326.066624  269.191345  327.374492  361.503838   \n",
        "S_para       398.449977  328.251935  283.054343  347.093429  359.062800   \n",
        "S_rhizobium  388.930201  328.513904  273.215434  350.548381  359.337548   \n",
        "S_desulfo    329.062338  299.680060  278.924059  318.185407  308.888910   \n",
        "S_agro       383.765841  330.887386  269.805215  347.912851  359.858383   \n",
        "\n",
        "             S_anthracis  S_bacillus     S_flavo   S_glucono   S_acineto  \\\n",
        "S_rhodo1      352.233223  355.100492  325.635492  307.869941  374.903496   \n",
        "S_lacto       330.268467  325.821284  284.752381  286.432003  318.704116   \n",
        "S_termite     256.139644  263.870226  243.569111  280.915385  285.411855   \n",
        "S_rhodo2      333.674980  316.763782  324.032482  286.874179  327.839791   \n",
        "S_deino       335.850605  340.643945  314.306140  293.577200  354.510393   \n",
        "S_anthracis   490.757352  385.474235  345.196394  288.944388  363.055292   \n",
        "S_bacillus    385.474235  471.581876  323.730221  290.639505  354.861692   \n",
        "S_flavo       345.196394  323.730221  482.173550  277.604145  334.579489   \n",
        "S_glucono     288.944388  290.639505  277.604145  389.279464  324.057860   \n",
        "S_acineto     363.055292  354.861692  334.579489  324.057860  449.821945   \n",
        "S_cereus      426.444715  379.201708  348.656765  288.956133  361.766070   \n",
        "S_soda        340.881345  340.428720  320.346082  314.016919  348.977837   \n",
        "S_vibrio      355.440676  353.343308  326.853013  324.027000  383.351039   \n",
        "S_caldi       329.548699  335.253458  311.451259  289.687971  337.536237   \n",
        "S_gardner     277.268322  254.534514  262.819629  208.694108  254.467888   \n",
        "S_burkho      370.530721  366.506895  337.552509  309.536083  387.325705   \n",
        "S_para        374.579678  368.293452  339.409906  320.341549  400.909589   \n",
        "S_rhizobium   370.610027  369.491682  353.325562  316.226962  388.115389   \n",
        "S_desulfo     333.234059  333.374199  311.861906  313.213876  335.381726   \n",
        "S_agro        381.422511  378.928978  346.422480  320.629505  381.727650   \n",
        "\n",
        "               S_cereus      S_soda    S_vibrio     S_caldi   S_gardner  \\\n",
        "S_rhodo1     350.211038  333.026645  358.596855  325.983194  246.049678   \n",
        "S_lacto      337.922438  317.126199  329.979844  293.268932  243.901737   \n",
        "S_termite    256.628944  273.471976  283.864443  271.204295  187.945422   \n",
        "S_rhodo2     328.628150  301.681561  314.379318  309.235911  255.046573   \n",
        "S_deino      341.111585  332.104422  352.468441  319.859151  245.574751   \n",
        "S_anthracis  426.444715  340.881345  355.440676  329.548699  277.268322   \n",
        "S_bacillus   379.201708  340.428720  353.343308  335.253458  254.534514   \n",
        "S_flavo      348.656765  320.346082  326.853013  311.451259  262.819629   \n",
        "S_glucono    288.956133  314.016919  324.027000  289.687971  208.694108   \n",
        "S_acineto    361.766070  348.977837  383.351039  337.536237  254.467888   \n",
        "S_cereus     489.723874  350.471731  356.736924  326.091485  271.218993   \n",
        "S_soda       350.471731  458.222025  354.791758  328.439998  250.284825   \n",
        "S_vibrio     356.736924  354.791758  439.218239  328.654884  251.411172   \n",
        "S_caldi      326.091485  328.439998  328.654884  456.318360  256.221561   \n",
        "S_gardner    271.218993  250.284825  251.411172  256.221561  452.969869   \n",
        "S_burkho     376.343126  360.843214  369.603919  338.068494  267.713859   \n",
        "S_para       373.321582  350.141766  371.538447  338.296354  261.639548   \n",
        "S_rhizobium  379.789374  355.265774  366.808953  339.097171  263.038104   \n",
        "S_desulfo    317.512321  326.748581  330.575642  325.570757  246.163076   \n",
        "S_agro       389.798682  369.344686  365.571637  343.665842  266.113781   \n",
        "\n",
        "               S_burkho      S_para  S_rhizobium   S_desulfo      S_agro  \n",
        "S_rhodo1     374.309832  398.449977   388.930201  329.062338  383.765841  \n",
        "S_lacto      326.066624  328.251935   328.513904  299.680060  330.887386  \n",
        "S_termite    269.191345  283.054343   273.215434  278.924059  269.805215  \n",
        "S_rhodo2     327.374492  347.093429   350.548381  318.185407  347.912851  \n",
        "S_deino      361.503838  359.062800   359.337548  308.888910  359.858383  \n",
        "S_anthracis  370.530721  374.579678   370.610027  333.234059  381.422511  \n",
        "S_bacillus   366.506895  368.293452   369.491682  333.374199  378.928978  \n",
        "S_flavo      337.552509  339.409906   353.325562  311.861906  346.422480  \n",
        "S_glucono    309.536083  320.341549   316.226962  313.213876  320.629505  \n",
        "S_acineto    387.325705  400.909589   388.115389  335.381726  381.727650  \n",
        "S_cereus     376.343126  373.321582   379.789374  317.512321  389.798682  \n",
        "S_soda       360.843214  350.141766   355.265774  326.748581  369.344686  \n",
        "S_vibrio     369.603919  371.538447   366.808953  330.575642  365.571637  \n",
        "S_caldi      338.068494  338.296354   339.097171  325.570757  343.665842  \n",
        "S_gardner    267.713859  261.639548   263.038104  246.163076  266.113781  \n",
        "S_burkho     472.895053  403.876232   393.547284  334.288858  404.715015  \n",
        "S_para       403.876232  465.330167   411.114807  348.234686  406.628604  \n",
        "S_rhizobium  393.547284  411.114807   479.549887  337.781136  418.089724  \n",
        "S_desulfo    334.288858  348.234686   337.781136  445.568300  334.107545  \n",
        "S_agro       404.715015  406.628604   418.089724  334.107545  477.982582  "
       ]
      }
     ],
     "prompt_number": 12
    },
    {
     "cell_type": "code",
     "collapsed": false,
     "input": [
      "a"
     ],
     "language": "python",
     "metadata": {},
     "outputs": [
      {
       "html": [
